a01-000u 000 2 prt 7 5 52 36
a01-000x 001 2 all 6 6 52 52
a01-003 002 3 prt 11 10 81 71
a01-003u 000 3 prt 11 10 80 73
a01-003x 003 3 prt 9 6 82 56
a01-007 004 3 all 9 9 69 69
a01-007u 000 3 all 10 10 68 68
a01-007x 003 3 all 8 8 69 69
a01-011 005 2 prt 7 6 68 58
a01-011u 000 2 all 10 10 68 68
a01-011x 006 2 prt 9 1 68 10
a01-014 007 5 prt 10 9 76 68
a01-014u 000 5 prt 9 8 59 53
a01-014x 008 5 all 10 10 76 76
a01-020 009 5 all 9 9 68 68
a01-020u 000 5 all 10 10 68 68
a01-020x 010 5 all 9 9 69 69
a01-026 009 3 prt 10 8 77 62
a01-026u 000 3 all 11 11 77 77
a01-026x 008 3 prt 10 8 78 63
a01-030 005 7 prt 8 6 85 63
a01-030u 000 7 prt 11 10 85 75
a01-030x 010 6 prt 9 8 76 68
a01-038 007 4 prt 13 12 86 77
a01-038x 011 4 prt 9 5 82 43
a01-043 012 5 prt 11 8 68 50
a01-043u 000 5 all 10 10 68 68
a01-043x 011 5 all 8 8 67 67
a01-049 012 3 prt 11 9 79 68
a01-049u 000 3 prt 11 10 75 70
a01-049x 000 3 prt 11 9 82 68
a01-053 013 4 prt 11 7 72 46
a01-053u 000 4 all 10 10 69 69
a01-053x 014 4 prt 10 8 68 55
a01-058 013 4 prt 10 7 68 48
a01-058u 000 4 all 9 9 67 67
a01-058x 014 4 all 10 10 66 66
a01-063 013 4 prt 11 9 78 60
a01-063u 000 4 prt 10 9 77 69
a01-063x 015 4 prt 10 6 77 50
a01-068u 000 3 all 10 10 70 70
a01-072u 000 4 all 9 9 66 66
a01-072x 001 4 prt 8 6 65 47
a01-077 016 4 all 10 10 66 66
a01-077u 000 4 prt 9 8 65 56
a01-082u 000 4 all 10 10 62 62
a01-087 017 3 prt 9 8 65 58
a01-087u 000 3 all 9 9 64 64
a01-091 016 4 all 11 11 71 71
a01-091u 000 4 all 10 10 71 71
a01-096u 000 5 prt 11 9 82 65
a01-102 016 4 prt 11 8 75 52
a01-102u 000 4 prt 9 8 75 67
a01-107 018 5 prt 5 3 67 38
a01-107u 000 5 prt 8 7 68 59
a01-113 018 3 all 9 9 84 84
a01-113u 000 3 all 11 11 84 84
a01-117 019 4 prt 10 9 93 80
a01-117u 000 4 all 11 11 87 87
a01-122 019 5 prt 8 6 84 62
a01-122u 000 5 all 11 11 84 84
a01-128 019 3 prt 9 6 84 54
a01-128u 000 3 prt 11 8 84 60
a01-132 020 3 prt 12 10 70 62
a01-132u 000 3 all 10 10 70 70
a01-132x 000 3 all 9 9 69 69
